com.google.gson.DefaultDateTypeAdapter,46,0.707
com.google.gson.DefaultDateTypeAdapter,47,0.707
com.google.gson.DefaultDateTypeAdapter,48,0.707
com.google.gson.JsonSyntaxException,34,0.645
com.google.gson.JsonSyntaxException,35,0.645
com.google.gson.JsonParseException,52,0.645
com.google.gson.JsonParseException,53,0.645
com.google.gson.internal.bind.util.ISO8601Utils,124,0.645
com.google.gson.internal.bind.util.ISO8601Utils,125,0.645
com.google.gson.internal.bind.util.ISO8601Utils,126,0.645
com.google.gson.internal.bind.util.ISO8601Utils,129,0.645
com.google.gson.internal.bind.util.ISO8601Utils,267,0.645
com.google.gson.internal.bind.util.ISO8601Utils,268,0.645
com.google.gson.internal.bind.util.ISO8601Utils,269,0.645
com.google.gson.internal.bind.util.ISO8601Utils,270,0.645
com.google.gson.internal.bind.util.ISO8601Utils,273,0.645
com.google.gson.internal.bind.util.ISO8601Utils,274,0.645
com.google.gson.internal.bind.util.ISO8601Utils,275,0.645
com.google.gson.internal.bind.util.ISO8601Utils,300,0.645
com.google.gson.internal.bind.util.ISO8601Utils,304,0.645
com.google.gson.internal.bind.util.ISO8601Utils,305,0.645
com.google.gson.internal.bind.util.ISO8601Utils,307,0.645
com.google.gson.internal.bind.util.ISO8601Utils,308,0.645
com.google.gson.internal.bind.util.ISO8601Utils,309,0.645
com.google.gson.internal.bind.DateTypeAdapter,41,0.612
com.google.gson.internal.bind.DateTypeAdapter,49,0.612
com.google.gson.internal.bind.DateTypeAdapter,50,0.612
com.google.gson.internal.bind.DateTypeAdapter,51,0.612
com.google.gson.internal.bind.DateTypeAdapter,52,0.612
com.google.gson.internal.bind.util.ISO8601Utils,263,0.577
com.google.gson.internal.bind.util.ISO8601Utils,264,0.577
com.google.gson.internal.bind.DateTypeAdapter,83,0.516
com.google.gson.internal.bind.DateTypeAdapter,84,0.516
com.google.gson.internal.bind.DateTypeAdapter,85,0.516
com.google.gson.DefaultDateTypeAdapter,100,0.5
com.google.gson.DefaultDateTypeAdapter,103,0.5
com.google.gson.DefaultDateTypeAdapter,105,0.5
com.google.gson.DefaultDateTypeAdapter,106,0.5
com.google.gson.DefaultDateTypeAdapter,107,0.5
com.google.gson.internal.bind.util.ISO8601Utils,310,0.5
com.google.gson.internal.bind.DateTypeAdapter,79,0.471
com.google.gson.DefaultDateTypeAdapter,63,0.463
com.google.gson.DefaultDateTypeAdapter,64,0.463
com.google.gson.DefaultDateTypeAdapter,65,0.463
com.google.gson.DefaultDateTypeAdapter,66,0.463
com.google.gson.internal.bind.DateTypeAdapter,65,0.408
com.google.gson.internal.bind.DateTypeAdapter,69,0.408
com.google.gson.internal.bind.DateTypeAdapter,72,0.408
com.google.gson.internal.bind.DateTypeAdapter,73,0.408
com.google.gson.internal.bind.DateTypeAdapter,74,0.408
com.google.gson.internal.bind.util.ISO8601Utils,312,0.408
com.google.gson.internal.bind.util.ISO8601Utils,314,0.408
com.google.gson.internal.bind.util.ISO8601Utils,315,0.408
com.google.gson.internal.bind.util.ISO8601Utils,316,0.408
com.google.gson.internal.bind.DateTypeAdapter,59,0.333
com.google.gson.internal.bind.TypeAdapters,599,0.333
com.google.gson.internal.bind.TypeAdapters,600,0.333
com.google.gson.internal.bind.TypeAdapters,600,0.333
com.google.gson.DefaultDateTypeAdapter,81,0.327
com.google.gson.DefaultDateTypeAdapter,84,0.327
com.google.gson.DefaultDateTypeAdapter,97,0.327
com.google.gson.internal.bind.DateTypeAdapter,55,0.289
com.google.gson.internal.bind.util.ISO8601Utils,130,0.289
com.google.gson.internal.bind.util.ISO8601Utils,131,0.289
com.google.gson.internal.bind.util.ISO8601Utils,135,0.289
com.google.gson.internal.bind.util.ISO8601Utils,136,0.289
com.google.gson.internal.bind.util.ISO8601Utils,137,0.289
com.google.gson.internal.bind.util.ISO8601Utils,141,0.289
com.google.gson.internal.bind.util.ISO8601Utils,143,0.289
com.google.gson.internal.bind.util.ISO8601Utils,144,0.289
com.google.gson.internal.bind.util.ISO8601Utils,145,0.289
com.google.gson.internal.bind.util.ISO8601Utils,146,0.289
com.google.gson.internal.bind.util.ISO8601Utils,149,0.289
com.google.gson.internal.bind.util.ISO8601Utils,151,0.289
com.google.gson.internal.bind.util.ISO8601Utils,158,0.289
com.google.gson.internal.bind.util.ISO8601Utils,161,0.289
com.google.gson.internal.bind.util.ISO8601Utils,162,0.289
com.google.gson.internal.bind.util.ISO8601Utils,163,0.289
com.google.gson.internal.bind.util.ISO8601Utils,166,0.289
com.google.gson.internal.bind.util.ISO8601Utils,167,0.289
com.google.gson.internal.bind.util.ISO8601Utils,168,0.289
com.google.gson.internal.bind.util.ISO8601Utils,171,0.289
com.google.gson.internal.bind.util.ISO8601Utils,172,0.289
com.google.gson.internal.bind.util.ISO8601Utils,173,0.289
com.google.gson.internal.bind.util.ISO8601Utils,174,0.289
com.google.gson.internal.bind.util.ISO8601Utils,175,0.289
com.google.gson.internal.bind.util.ISO8601Utils,177,0.289
com.google.gson.internal.bind.util.ISO8601Utils,178,0.289
com.google.gson.internal.bind.util.ISO8601Utils,179,0.289
com.google.gson.internal.bind.util.ISO8601Utils,180,0.289
com.google.gson.internal.bind.util.ISO8601Utils,181,0.289
com.google.gson.internal.bind.util.ISO8601Utils,183,0.289
com.google.gson.internal.bind.util.ISO8601Utils,191,0.289
com.google.gson.internal.bind.util.ISO8601Utils,193,0.289
com.google.gson.internal.bind.util.ISO8601Utils,200,0.289
com.google.gson.internal.bind.util.ISO8601Utils,204,0.289
com.google.gson.internal.bind.util.ISO8601Utils,205,0.289
com.google.gson.internal.bind.util.ISO8601Utils,207,0.289
com.google.gson.internal.bind.util.ISO8601Utils,208,0.289
com.google.gson.internal.bind.util.ISO8601Utils,209,0.289
com.google.gson.internal.bind.util.ISO8601Utils,210,0.289
com.google.gson.internal.bind.util.ISO8601Utils,211,0.289
com.google.gson.internal.bind.util.ISO8601Utils,215,0.289
com.google.gson.internal.bind.util.ISO8601Utils,217,0.289
com.google.gson.internal.bind.util.ISO8601Utils,218,0.289
com.google.gson.internal.bind.util.ISO8601Utils,224,0.289
com.google.gson.internal.bind.util.ISO8601Utils,227,0.289
com.google.gson.internal.bind.util.ISO8601Utils,229,0.289
com.google.gson.internal.bind.util.ISO8601Utils,230,0.289
com.google.gson.internal.bind.util.ISO8601Utils,236,0.289
com.google.gson.internal.bind.util.ISO8601Utils,237,0.289
com.google.gson.internal.bind.util.ISO8601Utils,238,0.289
com.google.gson.internal.bind.util.ISO8601Utils,239,0.289
com.google.gson.internal.bind.util.ISO8601Utils,243,0.289
com.google.gson.internal.bind.util.ISO8601Utils,247,0.289
com.google.gson.internal.bind.util.ISO8601Utils,248,0.289
com.google.gson.internal.bind.util.ISO8601Utils,249,0.289
com.google.gson.internal.bind.util.ISO8601Utils,250,0.289
com.google.gson.internal.bind.util.ISO8601Utils,251,0.289
com.google.gson.internal.bind.util.ISO8601Utils,252,0.289
com.google.gson.internal.bind.util.ISO8601Utils,253,0.289
com.google.gson.internal.bind.util.ISO8601Utils,254,0.289
com.google.gson.internal.bind.util.ISO8601Utils,255,0.289
com.google.gson.internal.bind.util.ISO8601Utils,257,0.289
com.google.gson.internal.bind.util.ISO8601Utils,258,0.289
com.google.gson.internal.bind.util.ISO8601Utils,261,0.289
com.google.gson.internal.bind.util.ISO8601Utils,262,0.289
com.google.gson.internal.bind.util.ISO8601Utils,287,0.289
com.google.gson.internal.bind.util.ISO8601Utils,317,0.289
com.google.gson.internal.bind.util.ISO8601Utils,319,0.289
com.google.gson.internal.bind.util.ISO8601Utils,320,0.289
com.google.gson.internal.bind.util.ISO8601Utils,322,0.289
com.google.gson.internal.bind.util.ISO8601Utils,344,0.289
com.google.gson.internal.bind.util.ISO8601Utils,345,0.289
com.google.gson.internal.bind.util.ISO8601Utils,346,0.289
com.google.gson.DefaultDateTypeAdapter,72,0.261
com.google.gson.DefaultDateTypeAdapter,73,0.261
com.google.gson.DefaultDateTypeAdapter,74,0.261
com.google.gson.internal.bind.TypeAdapters,602,0.204
com.google.gson.internal.bind.TypeAdapters,607,0.204
com.google.gson.internal.bind.TypeAdapters,608,0.204
com.google.gson.JsonPrimitive,178,0.174
com.google.gson.JsonPrimitive,181,0.174
com.google.gson.JsonPrimitive,176,0.172
com.google.gson.DefaultDateTypeAdapter,86,0.167
com.google.gson.JsonPrimitive,112,0.164
com.google.gson.JsonPrimitive,64,0.161
com.google.gson.JsonPrimitive,65,0.161
com.google.gson.JsonPrimitive,66,0.161
com.google.gson.JsonPrimitive,275,0.156
com.google.gson.JsonPrimitive,274,0.152
com.google.gson.JsonPrimitive,146,0.151
com.google.gson.Gson,513,0.132
com.google.gson.JsonPrimitive,100,0.131
com.google.gson.JsonPrimitive,101,0.131
com.google.gson.JsonPrimitive,102,0.131
com.google.gson.JsonPrimitive,94,0.13
com.google.gson.JsonPrimitive,104,0.13
com.google.gson.DefaultDateTypeAdapter,85,0.129
com.google.gson.JsonElement,33,0.122
com.google.gson.internal.Excluder,160,0.118
com.google.gson.internal.,45,0.104
com.google.gson.internal.,48,0.104
com.google.gson.reflect.TypeToken,303,0.092
com.google.gson.internal.bind.DateTypeAdapter,45,0.084
com.google.gson.stream.JsonWriter,418,0.08
com.google.gson.stream.JsonWriter,419,0.08
com.google.gson.stream.JsonWriter,420,0.08
com.google.gson.stream.JsonWriter,417,0.079
com.google.gson.Gson,186,0.079
com.google.gson.Gson,187,0.079
com.google.gson.Gson,190,0.079
com.google.gson.Gson,191,0.079
com.google.gson.stream.JsonWriter,414,0.078
com.google.gson.internal.bind.TypeAdapters,870,0.074
com.google.gson.internal.bind.TypeAdapters,871,0.074
com.google.gson.internal.bind.TypeAdapters,857,0.072
com.google.gson.Gson,572,0.071
com.google.gson.Gson,575,0.071
com.google.gson.internal.Excluder,117,0.07
com.google.gson.internal.Excluder,205,0.069
com.google.gson.internal.Excluder,206,0.069
com.google.gson.internal.Excluder,212,0.069
com.google.gson.internal.bind.ObjectTypeAdapter,41,0.069
com.google.gson.internal.bind.ObjectTypeAdapter,44,0.069
com.google.gson.internal.Excluder,112,0.069
com.google.gson.internal.Excluder,113,0.069
com.google.gson.internal.Excluder,114,0.069
com.google.gson.internal.Excluder,116,0.069
com.google.gson.Gson,422,0.069
com.google.gson.internal.bind.TypeAdapters,906,0.069
com.google.gson.internal.Excluder,201,0.069
com.google.gson.internal.Excluder,197,0.069
com.google.gson.Gson,325,0.069
com.google.gson.internal.bind.JsonAdapterAnnotationTypeAdapterFactory,36,0.069
com.google.gson.internal.bind.JsonAdapterAnnotationTypeAdapterFactory,37,0.069
com.google.gson.internal.bind.JsonAdapterAnnotationTypeAdapterFactory,38,0.069
com.google.gson.internal.bind.CollectionTypeAdapterFactory,39,0.069
com.google.gson.internal.bind.CollectionTypeAdapterFactory,40,0.069
com.google.gson.internal.bind.CollectionTypeAdapterFactory,41,0.069
com.google.gson.internal.ConstructorConstructor,51,0.069
com.google.gson.internal.ConstructorConstructor,52,0.069
com.google.gson.internal.ConstructorConstructor,53,0.069
com.google.gson.internal.bind.ReflectiveTypeAdapterFactory,54,0.069
com.google.gson.internal.bind.ReflectiveTypeAdapterFactory,55,0.069
com.google.gson.internal.bind.ReflectiveTypeAdapterFactory,56,0.069
com.google.gson.internal.bind.ReflectiveTypeAdapterFactory,57,0.069
com.google.gson.internal.bind.ReflectiveTypeAdapterFactory,58,0.069
com.google.gson.internal.bind.MapTypeAdapterFactory,110,0.069
com.google.gson.internal.bind.MapTypeAdapterFactory,111,0.069
com.google.gson.internal.bind.MapTypeAdapterFactory,112,0.069
com.google.gson.internal.bind.MapTypeAdapterFactory,113,0.069
com.google.gson.Gson,120,0.069
com.google.gson.Gson,123,0.069
com.google.gson.Gson,124,0.069
com.google.gson.Gson,135,0.069
com.google.gson.Gson,135,0.069
com.google.gson.Gson,142,0.069
com.google.gson.Gson,142,0.069
com.google.gson.Gson,198,0.069
com.google.gson.Gson,199,0.069
com.google.gson.Gson,200,0.069
com.google.gson.Gson,201,0.069
com.google.gson.Gson,202,0.069
com.google.gson.Gson,203,0.069
com.google.gson.Gson,204,0.069
com.google.gson.Gson,206,0.069
com.google.gson.Gson,209,0.069
com.google.gson.Gson,210,0.069
com.google.gson.Gson,213,0.069
com.google.gson.Gson,216,0.069
com.google.gson.Gson,219,0.069
com.google.gson.Gson,220,0.069
com.google.gson.Gson,221,0.069
com.google.gson.Gson,222,0.069
com.google.gson.Gson,223,0.069
com.google.gson.Gson,224,0.069
com.google.gson.Gson,225,0.069
com.google.gson.Gson,226,0.069
com.google.gson.Gson,227,0.069
com.google.gson.Gson,228,0.069
com.google.gson.Gson,229,0.069
com.google.gson.Gson,230,0.069
com.google.gson.Gson,231,0.069
com.google.gson.Gson,232,0.069
com.google.gson.Gson,233,0.069
com.google.gson.Gson,234,0.069
com.google.gson.Gson,235,0.069
com.google.gson.Gson,236,0.069
com.google.gson.Gson,237,0.069
com.google.gson.Gson,238,0.069
com.google.gson.Gson,239,0.069
com.google.gson.Gson,240,0.069
com.google.gson.Gson,241,0.069
com.google.gson.Gson,242,0.069
com.google.gson.Gson,243,0.069
com.google.gson.Gson,244,0.069
com.google.gson.Gson,245,0.069
com.google.gson.Gson,246,0.069
com.google.gson.Gson,247,0.069
com.google.gson.Gson,248,0.069
com.google.gson.Gson,249,0.069
com.google.gson.Gson,250,0.069
com.google.gson.Gson,251,0.069
com.google.gson.Gson,252,0.069
com.google.gson.Gson,253,0.069
com.google.gson.Gson,254,0.069
com.google.gson.Gson,257,0.069
com.google.gson.Gson,258,0.069
com.google.gson.Gson,259,0.069
com.google.gson.Gson,260,0.069
com.google.gson.Gson,261,0.069
com.google.gson.Gson,264,0.069
com.google.gson.Gson,265,0.069
com.google.gson.Gson,268,0.069
com.google.gson.Gson,271,0.069
com.google.gson.Gson,271,0.069
com.google.gson.Gson,292,0.069
com.google.gson.Gson,295,0.069
com.google.gson.Gson,295,0.069
com.google.gson.Gson,324,0.069
com.google.gson.Gson,346,0.069
com.google.gson.Gson,346,0.069
com.google.gson.Gson,354,0.069
com.google.gson.Gson,358,0.069
com.google.gson.Gson,358,0.069
com.google.gson.Gson,381,0.069
com.google.gson.internal.bind.TypeAdapters,854,0.069
com.google.gson.internal.bind.TypeAdapters,854,0.069
com.google.gson.internal.bind.TypeAdapters,867,0.069
com.google.gson.internal.bind.TypeAdapters,867,0.069
com.google.gson.TypeAdapter,186,0.069
com.google.gson.TypeAdapter,186,0.069
com.google.gson.internal.Excluder,216,0.069
com.google.gson.internal.Excluder,217,0.069
com.google.gson.internal.Excluder,192,0.069
com.google.gson.reflect.TypeToken,94,0.069
com.google.gson.Gson,397,0.069
com.google.gson.Gson,398,0.069
com.google.gson.Gson,399,0.069
com.google.gson.Gson,400,0.069
com.google.gson.Gson,401,0.069
com.google.gson.Gson,402,0.069
com.google.gson.Gson,406,0.069
com.google.gson.Gson,407,0.069
com.google.gson.Gson,412,0.069
com.google.gson.Gson,413,0.069
com.google.gson.Gson,415,0.069
com.google.gson.Gson,416,0.069
com.google.gson.Gson,417,0.069
com.google.gson.Gson,418,0.069
com.google.gson.Gson,419,0.069
com.google.gson.Gson,420,0.069
com.google.gson.Gson,425,0.069
com.google.gson.Gson,427,0.069
com.google.gson.Gson,428,0.069
com.google.gson.internal.bind.TypeAdapters,904,0.069
com.google.gson.internal.bind.TypeAdapters,905,0.069
com.google.gson.Gson,947,0.069
com.google.gson.Gson,951,0.069
com.google.gson.Gson,954,0.069
com.google.gson.Gson,955,0.069
com.google.gson.internal.,122,0.069
com.google.gson.reflect.TypeToken,280,0.069
com.google.gson.Gson,392,0.069
com.google.gson.Gson,393,0.069
com.google.gson.reflect.TypeToken,296,0.069
com.google.gson.reflect.TypeToken,72,0.068
com.google.gson.reflect.TypeToken,73,0.068
com.google.gson.reflect.TypeToken,74,0.068
com.google.gson.reflect.TypeToken,75,0.068
com.google.gson.reflect.TypeToken,71,0.068
com.google.gson.stream.JsonWriter,576,0.068
com.google.gson.internal.,120,0.068
com.google.gson.internal.,96,0.068
com.google.gson.internal.,97,0.068
com.google.gson.internal.,98,0.068
com.google.gson.TypeAdapter,119,0.068
com.google.gson.stream.JsonWriter,560,0.068
com.google.gson.stream.JsonWriter,558,0.068
com.google.gson.stream.JsonWriter,559,0.068
com.google.gson.internal.,41,0.068
com.google.gson.internal.,38,0.068
com.google.gson.stream.JsonWriter,555,0.068
com.google.gson.stream.JsonWriter,557,0.068
com.google.gson.stream.JsonWriter,550,0.067
com.google.gson.stream.JsonWriter,551,0.067
com.google.gson.stream.JsonWriter,552,0.067
com.google.gson.stream.JsonWriter,553,0.067
com.google.gson.stream.JsonWriter,554,0.067
com.google.gson.stream.JsonWriter,575,0.067
com.google.gson.stream.JsonWriter,578,0.067
com.google.gson.stream.JsonWriter,579,0.067
com.google.gson.stream.JsonReader,571,0.065
com.google.gson.stream.JsonReader,572,0.065
com.google.gson.stream.JsonReader,818,0.065
com.google.gson.Gson,595,0.063
com.google.gson.Gson,596,0.063
com.google.gson.Gson,640,0.063
com.google.gson.Gson,643,0.063
com.google.gson.Gson,644,0.063
com.google.gson.Gson,594,0.062
com.google.gson.Gson,639,0.062
com.google.gson.internal.Streams,77,0.061
com.google.gson.Gson,705,0.061
com.google.gson.Gson,708,0.061
com.google.gson.Gson,709,0.061
com.google.gson.Gson,712,0.061
com.google.gson.Gson,713,0.061
com.google.gson.Gson,661,0.061
com.google.gson.Gson,669,0.061
com.google.gson.Gson,653,0.06
com.google.gson.Gson,654,0.06
com.google.gson.Gson,655,0.06
com.google.gson.Gson,656,0.06
com.google.gson.Gson,657,0.06
com.google.gson.Gson,658,0.06
com.google.gson.Gson,659,0.06
com.google.gson.Gson,665,0.06
com.google.gson.Gson,666,0.06
com.google.gson.Gson,667,0.06
com.google.gson.stream.JsonWriter,253,0.059
com.google.gson.stream.JsonWriter,254,0.059
com.google.gson.stream.JsonWriter,261,0.059
com.google.gson.stream.JsonWriter,277,0.059
com.google.gson.stream.JsonWriter,242,0.059
com.google.gson.stream.JsonWriter,269,0.059
com.google.gson.stream.JsonWriter,270,0.059
com.google.gson.stream.JsonWriter,405,0.058
com.google.gson.stream.JsonWriter,400,0.058
com.google.gson.stream.JsonWriter,235,0.058
com.google.gson.stream.JsonWriter,236,0.058
com.google.gson.stream.JsonWriter,376,0.057
com.google.gson.stream.JsonWriter,377,0.057
com.google.gson.stream.JsonWriter,614,0.057
com.google.gson.stream.JsonWriter,622,0.057
com.google.gson.stream.JsonWriter,623,0.057
com.google.gson.stream.JsonWriter,643,0.057
com.google.gson.stream.JsonWriter,366,0.057
com.google.gson.stream.JsonWriter,369,0.057
com.google.gson.stream.JsonWriter,167,0.054
com.google.gson.stream.JsonWriter,168,0.054
com.google.gson.stream.JsonWriter,170,0.054
com.google.gson.stream.JsonWriter,182,0.054
com.google.gson.stream.JsonWriter,190,0.054
com.google.gson.stream.JsonWriter,197,0.054
com.google.gson.stream.JsonWriter,198,0.054
com.google.gson.stream.JsonWriter,201,0.054
com.google.gson.stream.JsonWriter,202,0.054
com.google.gson.stream.JsonWriter,354,0.054
com.google.gson.stream.JsonWriter,359,0.054
com.google.gson.stream.JsonWriter,360,0.054
com.google.gson.internal.bind.MapTypeAdapterFactory,207,0.047
com.google.gson.internal.bind.MapTypeAdapterFactory,208,0.047
com.google.gson.internal.bind.MapTypeAdapterFactory,209,0.047
com.google.gson.internal.ConstructorConstructor,205,0.045
com.google.gson.internal.ConstructorConstructor,205,0.045
com.google.gson.internal.bind.MapTypeAdapterFactory,205,0.045
com.google.gson.internal.bind.MapTypeAdapterFactory,206,0.045
com.google.gson.internal.bind.MapTypeAdapterFactory,210,0.045
com.google.gson.internal.bind.MapTypeAdapterFactory,211,0.045
com.google.gson.stream.JsonReader,1418,0.045
com.google.gson.internal.bind.MapTypeAdapterFactory,204,0.044
com.google.gson.internal.bind.TypeAdapters,595,0.042
com.google.gson.internal.bind.SqlDateTypeAdapter,42,0.042
com.google.gson.internal.bind.SqlDateTypeAdapter,43,0.042
com.google.gson.internal.bind.TimeTypeAdapter,44,0.042
com.google.gson.internal.bind.MapTypeAdapterFactory,199,0.042
com.google.gson.internal.bind.TypeAdapters,885,0.042
com.google.gson.internal.bind.TypeAdapters,886,0.042
com.google.gson.stream.JsonReader,1415,0.042
com.google.gson.internal.ConstructorConstructor,197,0.04
com.google.gson.internal.ConstructorConstructor,198,0.04
com.google.gson.internal.ConstructorConstructor,191,0.04
com.google.gson.internal.ConstructorConstructor,185,0.04
com.google.gson.internal.ConstructorConstructor,179,0.039
com.google.gson.Gson,765,0.038
com.google.gson.stream.JsonReader,454,0.038
com.google.gson.stream.JsonReader,817,0.037
com.google.gson.internal.bind.ObjectTypeAdapter,42,0.036
com.google.gson.internal.bind.ObjectTypeAdapter,50,0.036
com.google.gson.internal.bind.ObjectTypeAdapter,51,0.036
com.google.gson.internal.bind.ObjectTypeAdapter,52,0.036
com.google.gson.stream.JsonReader,833,0.035
com.google.gson.stream.JsonReader,834,0.035
com.google.gson.stream.JsonReader,835,0.035
com.google.gson.stream.JsonReader,1015,0.035
com.google.gson.internal.,315,0.035
com.google.gson.internal.,317,0.035
com.google.gson.internal.,318,0.035
com.google.gson.internal.,319,0.035
com.google.gson.stream.JsonReader,1019,0.035
com.google.gson.stream.JsonReader,1005,0.035
com.google.gson.stream.JsonReader,1006,0.035
com.google.gson.stream.JsonReader,1007,0.035
com.google.gson.stream.JsonReader,1008,0.035
com.google.gson.stream.JsonReader,815,0.034
com.google.gson.stream.JsonReader,994,0.034
com.google.gson.stream.JsonReader,995,0.034
com.google.gson.stream.JsonReader,997,0.034
com.google.gson.stream.JsonReader,998,0.034
com.google.gson.stream.JsonReader,1000,0.034
com.google.gson.stream.JsonReader,1001,0.034
com.google.gson.stream.JsonReader,1002,0.034
com.google.gson.stream.JsonReader,1004,0.034
com.google.gson.stream.JsonReader,810,0.034
com.google.gson.stream.JsonReader,811,0.034
com.google.gson.Gson,793,0.034
com.google.gson.Gson,844,0.034
com.google.gson.internal.bind.MapTypeAdapterFactory,142,0.034
com.google.gson.internal.bind.MapTypeAdapterFactory,123,0.034
com.google.gson.internal.bind.MapTypeAdapterFactory,124,0.034
com.google.gson.internal.bind.MapTypeAdapterFactory,125,0.034
com.google.gson.internal.bind.MapTypeAdapterFactory,126,0.034
com.google.gson.internal.bind.MapTypeAdapterFactory,127,0.034
com.google.gson.internal.bind.MapTypeAdapterFactory,131,0.034
com.google.gson.internal.bind.MapTypeAdapterFactory,133,0.034
com.google.gson.internal.bind.MapTypeAdapterFactory,140,0.034
com.google.gson.internal.bind.MapTypeAdapterFactory,152,0.034
com.google.gson.internal.bind.MapTypeAdapterFactory,153,0.034
com.google.gson.internal.bind.MapTypeAdapterFactory,155,0.034
com.google.gson.internal.bind.MapTypeAdapterFactory,157,0.034
com.google.gson.internal.bind.MapTypeAdapterFactory,158,0.034
com.google.gson.internal.,311,0.034
com.google.gson.Gson,879,0.033
com.google.gson.internal.UnsafeAllocator,30,0.032
com.google.gson.internal.UnsafeAllocator,39,0.032
com.google.gson.internal.UnsafeAllocator,40,0.032
com.google.gson.internal.UnsafeAllocator,41,0.032
com.google.gson.internal.UnsafeAllocator,42,0.032
com.google.gson.internal.UnsafeAllocator,43,0.032
com.google.gson.internal.UnsafeAllocator,44,0.032
com.google.gson.internal.UnsafeAllocator,44,0.032
com.google.gson.internal.ConstructorConstructor,94,0.032
com.google.gson.internal.ConstructorConstructor,213,0.032
com.google.gson.internal.ConstructorConstructor,218,0.032
com.google.gson.internal.ConstructorConstructor,218,0.032
com.google.gson.internal.ConstructorConstructor,219,0.032
com.google.gson.Gson,792,0.032
com.google.gson.Gson,789,0.032
com.google.gson.Gson,843,0.032
com.google.gson.Gson,720,0.032
com.google.gson.Gson,721,0.032
com.google.gson.Gson,722,0.032
com.google.gson.Gson,877,0.031
com.google.gson.Gson,878,0.031
com.google.gson.Gson,875,0.031
com.google.gson.Gson,876,0.031
com.google.gson.Gson,871,0.031
com.google.gson.Gson,872,0.031
com.google.gson.Gson,873,0.031
com.google.gson.Gson,896,0.031
com.google.gson.stream.JsonReader,1584,0.03
com.google.gson.stream.JsonReader,1582,0.03
com.google.gson.stream.JsonReader,1583,0.03
com.google.gson.stream.JsonReader,333,0.03
com.google.gson.internal.,370,0.029
com.google.gson.stream.JsonReader,429,0.028
com.google.gson.stream.JsonReader,432,0.028
com.google.gson.stream.JsonReader,538,0.028
com.google.gson.stream.JsonReader,1575,0.028
com.google.gson.stream.JsonReader,1576,0.028
com.google.gson.stream.JsonReader,1578,0.028
com.google.gson.stream.JsonReader,326,0.028
com.google.gson.stream.JsonReader,327,0.028
com.google.gson.internal.bind.ReflectiveTypeAdapterFactory,151,0.028
com.google.gson.stream.JsonReader,427,0.027
com.google.gson.stream.JsonReader,428,0.027
com.google.gson.stream.JsonReader,1390,0.026
com.google.gson.stream.JsonReader,1402,0.026
com.google.gson.stream.JsonReader,1403,0.026
com.google.gson.internal.ConstructorConstructor,178,0.026
com.google.gson.stream.JsonReader,553,0.026
com.google.gson.stream.JsonReader,554,0.026
com.google.gson.stream.JsonReader,1355,0.026
com.google.gson.stream.JsonReader,540,0.026
com.google.gson.stream.JsonReader,1294,0.026
com.google.gson.stream.JsonReader,1297,0.026
com.google.gson.stream.JsonReader,1303,0.026
com.google.gson.stream.JsonReader,1304,0.026
com.google.gson.stream.JsonReader,1342,0.026
com.google.gson.stream.JsonReader,1343,0.026
com.google.gson.stream.JsonReader,1346,0.026
com.google.gson.stream.JsonReader,1347,0.026
com.google.gson.stream.JsonReader,1351,0.026
com.google.gson.stream.JsonReader,537,0.026
com.google.gson.stream.JsonReader,1282,0.026
com.google.gson.stream.JsonReader,1283,0.026
com.google.gson.stream.JsonReader,1284,0.026
com.google.gson.stream.JsonReader,1288,0.026
com.google.gson.stream.JsonReader,1291,0.026
com.google.gson.stream.JsonReader,1293,0.026
com.google.gson.stream.JsonReader,1333,0.026
com.google.gson.stream.JsonReader,1334,0.026
com.google.gson.stream.JsonReader,1335,0.026
com.google.gson.stream.JsonReader,1337,0.026
com.google.gson.stream.JsonReader,1338,0.026
com.google.gson.stream.JsonReader,1339,0.026
com.google.gson.stream.JsonReader,466,0.026
com.google.gson.stream.JsonReader,467,0.026
com.google.gson.stream.JsonReader,469,0.026
com.google.gson.stream.JsonReader,482,0.026
com.google.gson.stream.JsonReader,520,0.026
com.google.gson.stream.JsonReader,536,0.026
com.google.gson.stream.JsonReader,293,0.025
com.google.gson.stream.JsonReader,294,0.025
com.google.gson.stream.JsonReader,230,0.025
com.google.gson.stream.JsonReader,238,0.025
com.google.gson.stream.JsonReader,239,0.025
com.google.gson.stream.JsonReader,240,0.025
com.google.gson.stream.JsonReader,242,0.025
com.google.gson.stream.JsonReader,243,0.025
com.google.gson.stream.JsonReader,245,0.025
com.google.gson.stream.JsonReader,269,0.025
com.google.gson.stream.JsonReader,270,0.025
com.google.gson.stream.JsonReader,272,0.025
com.google.gson.stream.JsonReader,283,0.025
com.google.gson.stream.JsonReader,284,0.025
com.google.gson.stream.JsonReader,289,0.025
com.google.gson.stream.JsonReader,290,0.025
com.google.gson.internal.ConstructorConstructor,90,0.025
com.google.gson.internal.bind.TypeAdapterRuntimeTypeWrapper,58,0.025
com.google.gson.internal.bind.TypeAdapterRuntimeTypeWrapper,55,0.024
com.google.gson.internal.bind.TypeAdapterRuntimeTypeWrapper,56,0.024
com.google.gson.internal.,470,0.024
com.google.gson.internal.,101,0.023
com.google.gson.internal.,102,0.023
com.google.gson.internal.,103,0.023
com.google.gson.internal.,125,0.023
com.google.gson.internal.,130,0.023
com.google.gson.internal.,131,0.023
com.google.gson.internal.,132,0.023
com.google.gson.internal.,216,0.023
com.google.gson.internal.,466,0.023
com.google.gson.internal.,479,0.023
com.google.gson.internal.,480,0.023
com.google.gson.internal.,481,0.023
com.google.gson.internal.,270,0.023
com.google.gson.internal.,271,0.023
com.google.gson.internal.,272,0.023
com.google.gson.internal.bind.ReflectiveTypeAdapterFactory,112,0.023
com.google.gson.internal.bind.ReflectiveTypeAdapterFactory,113,0.023
com.google.gson.internal.bind.ReflectiveTypeAdapterFactory,239,0.023
com.google.gson.internal.,351,0.023
com.google.gson.internal.,352,0.023
com.google.gson.internal.,353,0.023
com.google.gson.internal.,354,0.023
com.google.gson.internal.,356,0.023
com.google.gson.internal.,357,0.023
com.google.gson.internal.,358,0.023
com.google.gson.internal.,359,0.023
com.google.gson.internal.,368,0.023
com.google.gson.internal.bind.ReflectiveTypeAdapterFactory,241,0.022
com.google.gson.internal.bind.ReflectiveTypeAdapterFactory,109,0.022
com.google.gson.internal.bind.ReflectiveTypeAdapterFactory,110,0.022
com.google.gson.internal.bind.ReflectiveTypeAdapterFactory,111,0.022
com.google.gson.internal.bind.ReflectiveTypeAdapterFactory,238,0.022
com.google.gson.internal.bind.ReflectiveTypeAdapterFactory,122,0.022
com.google.gson.internal.bind.ReflectiveTypeAdapterFactory,123,0.022
com.google.gson.internal.bind.ReflectiveTypeAdapterFactory,124,0.022
com.google.gson.internal.bind.ReflectiveTypeAdapterFactory,237,0.022
com.google.gson.internal.bind.ReflectiveTypeAdapterFactory,244,0.022
com.google.gson.internal.bind.ReflectiveTypeAdapterFactory,245,0.022
com.google.gson.internal.bind.ReflectiveTypeAdapterFactory,246,0.022
com.google.gson.internal.bind.ReflectiveTypeAdapterFactory,234,0.022
com.google.gson.internal.bind.ReflectiveTypeAdapterFactory,236,0.022
com.google.gson.internal.,230,0.022
com.google.gson.internal.bind.ReflectiveTypeAdapterFactory,229,0.022
com.google.gson.internal.,229,0.022
com.google.gson.internal.,462,0.022
com.google.gson.internal.,434,0.022
com.google.gson.internal.,435,0.022
com.google.gson.internal.,442,0.022
com.google.gson.internal.,444,0.022
com.google.gson.internal.,445,0.022
com.google.gson.internal.,446,0.022
com.google.gson.internal.,447,0.022
com.google.gson.internal.,448,0.022
com.google.gson.internal.,451,0.022
com.google.gson.internal.,452,0.022
com.google.gson.internal.,453,0.022
com.google.gson.internal.,454,0.022
com.google.gson.internal.,455,0.022
com.google.gson.internal.,456,0.022
com.google.gson.internal.,457,0.022
com.google.gson.internal.,459,0.022
com.google.gson.internal.,100,0.021
com.google.gson.internal.ConstructorConstructor,88,0.021
com.google.gson.internal.ConstructorConstructor,89,0.021
com.google.gson.internal.ConstructorConstructor,122,0.021
com.google.gson.internal.ConstructorConstructor,123,0.021
com.google.gson.internal.ConstructorConstructor,134,0.021
com.google.gson.stream.JsonWriter,401,0.021
com.google.gson.stream.JsonWriter,402,0.021
com.google.gson.stream.JsonWriter,403,0.021
com.google.gson.stream.JsonWriter,603,0.021
com.google.gson.stream.JsonWriter,604,0.021
com.google.gson.stream.JsonWriter,605,0.021
com.google.gson.stream.JsonWriter,636,0.021
com.google.gson.stream.JsonWriter,637,0.021
com.google.gson.stream.JsonWriter,638,0.021
com.google.gson.stream.JsonWriter,597,0.021
com.google.gson.stream.JsonWriter,598,0.021
com.google.gson.stream.JsonWriter,600,0.021
com.google.gson.GsonBuilder,579,0.02
com.google.gson.GsonBuilder,582,0.02
com.google.gson.stream.JsonWriter,395,0.02
com.google.gson.stream.JsonWriter,396,0.02
com.google.gson.stream.JsonWriter,389,0.02
com.google.gson.stream.JsonWriter,392,0.02
com.google.gson.stream.JsonWriter,386,0.02
com.google.gson.GsonBuilder,562,0.02
com.google.gson.GsonBuilder,563,0.02
com.google.gson.GsonBuilder,564,0.02
com.google.gson.GsonBuilder,565,0.02
com.google.gson.GsonBuilder,566,0.02
com.google.gson.GsonBuilder,568,0.02
com.google.gson.GsonBuilder,577,0.02
com.google.gson.stream.JsonWriter,317,0.02
com.google.gson.GsonBuilder,78,0.02
com.google.gson.GsonBuilder,79,0.02
com.google.gson.GsonBuilder,80,0.02
com.google.gson.GsonBuilder,81,0.02
com.google.gson.GsonBuilder,83,0.02
com.google.gson.GsonBuilder,85,0.02
com.google.gson.GsonBuilder,86,0.02
com.google.gson.GsonBuilder,88,0.02
com.google.gson.GsonBuilder,89,0.02
com.google.gson.GsonBuilder,90,0.02
com.google.gson.GsonBuilder,91,0.02
com.google.gson.GsonBuilder,92,0.02
com.google.gson.GsonBuilder,93,0.02
com.google.gson.GsonBuilder,94,0.02
com.google.gson.GsonBuilder,95,0.02
com.google.gson.GsonBuilder,103,0.02
com.google.gson.GsonBuilder,104,0.02
com.google.gson.stream.JsonWriter,308,0.02
com.google.gson.stream.JsonWriter,307,0.02
com.google.gson.FieldNamingPolicy,39,0.019
com.google.gson.internal.bind.TypeAdapterRuntimeTypeWrapper,77,0.019
com.google.gson.internal.bind.ReflectiveTypeAdapterFactory,78,0.018
com.google.gson.internal.bind.TypeAdapterRuntimeTypeWrapper,68,0.018
com.google.gson.internal.bind.TypeAdapterRuntimeTypeWrapper,69,0.018
com.google.gson.internal.bind.ReflectiveTypeAdapterFactory,135,0.018
com.google.gson.internal.bind.TypeAdapterRuntimeTypeWrapper,52,0.018
com.google.gson.internal.bind.TypeAdapterRuntimeTypeWrapper,53,0.018
com.google.gson.internal.bind.TypeAdapterRuntimeTypeWrapper,54,0.018
com.google.gson.internal.bind.TypeAdapterRuntimeTypeWrapper,75,0.018
com.google.gson.internal.bind.TypeAdapterRuntimeTypeWrapper,79,0.018
com.google.gson.internal.,124,0.018
com.google.gson.internal.bind.ReflectiveTypeAdapterFactory,70,0.018
com.google.gson.internal.bind.ReflectiveTypeAdapterFactory,75,0.018
com.google.gson.internal.bind.ReflectiveTypeAdapterFactory,76,0.018
com.google.gson.internal.bind.ReflectiveTypeAdapterFactory,77,0.018
com.google.gson.internal.bind.ReflectiveTypeAdapterFactory,85,0.018
com.google.gson.internal.bind.ReflectiveTypeAdapterFactory,102,0.018
com.google.gson.internal.bind.ReflectiveTypeAdapterFactory,104,0.018
com.google.gson.internal.bind.ReflectiveTypeAdapterFactory,104,0.018
com.google.gson.internal.bind.ReflectiveTypeAdapterFactory,105,0.018
com.google.gson.internal.bind.ReflectiveTypeAdapterFactory,130,0.018
com.google.gson.internal.bind.ReflectiveTypeAdapterFactory,131,0.018
com.google.gson.internal.bind.ReflectiveTypeAdapterFactory,153,0.018
com.google.gson.internal.bind.ReflectiveTypeAdapterFactory,154,0.018
com.google.gson.internal.bind.ReflectiveTypeAdapterFactory,155,0.018
com.google.gson.internal.bind.ReflectiveTypeAdapterFactory,156,0.018
com.google.gson.internal.bind.ReflectiveTypeAdapterFactory,157,0.018
com.google.gson.internal.bind.ReflectiveTypeAdapterFactory,158,0.018
com.google.gson.internal.bind.ReflectiveTypeAdapterFactory,159,0.018
com.google.gson.internal.bind.ReflectiveTypeAdapterFactory,160,0.018
com.google.gson.internal.bind.ReflectiveTypeAdapterFactory,161,0.018
com.google.gson.internal.bind.ReflectiveTypeAdapterFactory,162,0.018
com.google.gson.internal.bind.ReflectiveTypeAdapterFactory,163,0.018
com.google.gson.internal.bind.ReflectiveTypeAdapterFactory,165,0.018
com.google.gson.internal.bind.ReflectiveTypeAdapterFactory,181,0.018
com.google.gson.internal.bind.ReflectiveTypeAdapterFactory,182,0.018
com.google.gson.internal.bind.ReflectiveTypeAdapterFactory,183,0.018
com.google.gson.internal.bind.ReflectiveTypeAdapterFactory,184,0.018
com.google.gson.internal.bind.ReflectiveTypeAdapterFactory,185,0.018
com.google.gson.internal.Primitives,72,0.018
com.google.gson.internal.bind.ReflectiveTypeAdapterFactory,61,0.018
com.google.gson.internal.bind.ReflectiveTypeAdapterFactory,65,0.018
com.google.gson.internal.bind.ReflectiveTypeAdapterFactory,148,0.018
com.google.gson.internal.bind.ReflectiveTypeAdapterFactory,149,0.018
com.google.gson.internal.bind.ReflectiveTypeAdapterFactory,150,0.018
com.google.gson.internal.bind.ReflectiveTypeAdapterFactory,170,0.018
com.google.gson.internal.bind.ReflectiveTypeAdapterFactory,171,0.018
com.google.gson.internal.bind.ReflectiveTypeAdapterFactory,172,0.018
com.google.gson.internal.bind.ReflectiveTypeAdapterFactory,173,0.018
com.google.gson.internal.bind.ReflectiveTypeAdapterFactory,96,0.018
com.google.gson.internal.bind.ReflectiveTypeAdapterFactory,144,0.018
com.google.gson.internal.bind.ReflectiveTypeAdapterFactory,145,0.018
com.google.gson.internal.bind.ReflectiveTypeAdapterFactory,146,0.018
com.google.gson.internal.bind.ReflectiveTypeAdapterFactory,147,0.018
com.google.gson.internal.bind.ReflectiveTypeAdapterFactory,195,0.018
com.google.gson.internal.bind.ReflectiveTypeAdapterFactory,196,0.018
com.google.gson.internal.bind.ReflectiveTypeAdapterFactory,197,0.018
com.google.gson.internal.bind.ReflectiveTypeAdapterFactory,198,0.018
com.google.gson.internal.bind.ReflectiveTypeAdapterFactory,89,0.018
com.google.gson.internal.bind.ReflectiveTypeAdapterFactory,91,0.018
com.google.gson.internal.bind.ReflectiveTypeAdapterFactory,95,0.018
com.google.gson.internal.bind.ReflectiveTypeAdapterFactory,139,0.018
com.google.gson.internal.bind.ReflectiveTypeAdapterFactory,140,0.018
com.google.gson.internal.bind.TypeAdapters,833,0.018
com.google.gson.internal.Excluder,174,0.018
com.google.gson.internal.Excluder,178,0.018
com.google.gson.internal.Excluder,179,0.018
com.google.gson.internal.Excluder,188,0.018
com.google.gson.internal.Excluder,170,0.018
com.google.gson.internal.Excluder,159,0.018
com.google.gson.internal.Excluder,163,0.018
com.google.gson.internal.Excluder,150,0.018
com.google.gson.internal.Excluder,154,0.018
com.google.gson.internal.bind.JsonAdapterAnnotationTypeAdapterFactory,45,0.018
com.google.gson.internal.bind.TypeAdapters,831,0.018
com.google.gson.internal.bind.TypeAdapters,832,0.018
com.google.gson.stream.JsonWriter,583,0.018
com.google.gson.internal.bind.JsonAdapterAnnotationTypeAdapterFactory,43,0.018
com.google.gson.internal.bind.JsonAdapterAnnotationTypeAdapterFactory,44,0.018
com.google.gson.internal.bind.MapTypeAdapterFactory,120,0.018
com.google.gson.stream.JsonWriter,347,0.017
com.google.gson.stream.JsonWriter,582,0.017
com.google.gson.stream.JsonWriter,345,0.017
com.google.gson.stream.JsonWriter,346,0.017
com.google.gson.stream.JsonWriter,349,0.017
com.google.gson.stream.JsonWriter,350,0.017
com.google.gson.stream.JsonWriter,341,0.017
com.google.gson.stream.JsonWriter,337,0.017
com.google.gson.stream.JsonWriter,338,0.017
com.google.gson.stream.JsonWriter,325,0.016
com.google.gson.stream.JsonWriter,326,0.016
com.google.gson.stream.JsonWriter,327,0.016
com.google.gson.stream.JsonWriter,328,0.016
com.google.gson.internal.bind.CollectionTypeAdapterFactory,49,0.016
com.google.gson.internal.bind.MapTypeAdapterFactory,116,0.016
com.google.gson.internal.bind.MapTypeAdapterFactory,118,0.016
com.google.gson.internal.bind.MapTypeAdapterFactory,119,0.016
com.google.gson.internal.bind.TypeAdapterRuntimeTypeWrapper,32,0.016
com.google.gson.internal.bind.TypeAdapterRuntimeTypeWrapper,33,0.016
com.google.gson.internal.bind.TypeAdapterRuntimeTypeWrapper,34,0.016
com.google.gson.internal.bind.TypeAdapterRuntimeTypeWrapper,35,0.016
com.google.gson.internal.bind.TypeAdapterRuntimeTypeWrapper,36,0.016
com.google.gson.internal.,327,0.015
com.google.gson.internal.,334,0.015
com.google.gson.internal.,342,0.015
com.google.gson.internal.,350,0.015
com.google.gson.internal.,372,0.015
com.google.gson.internal.,391,0.015
com.google.gson.internal.ConstructorConstructor,83,0.015
com.google.gson.internal.ConstructorConstructor,84,0.015
com.google.gson.internal.ConstructorConstructor,73,0.015
com.google.gson.internal.ConstructorConstructor,74,0.015
com.google.gson.internal.ConstructorConstructor,75,0.015
com.google.gson.internal.ConstructorConstructor,56,0.015
com.google.gson.internal.ConstructorConstructor,57,0.015
com.google.gson.internal.ConstructorConstructor,62,0.015
com.google.gson.internal.ConstructorConstructor,63,0.015
com.google.gson.internal.bind.CollectionTypeAdapterFactory,45,0.015
com.google.gson.internal.bind.CollectionTypeAdapterFactory,47,0.015
com.google.gson.internal.bind.CollectionTypeAdapterFactory,48,0.015
com.google.gson.internal.bind.ArrayTypeAdapter,44,0.015
com.google.gson.internal.bind.ArrayTypeAdapter,42,0.014
com.google.gson.internal.bind.ArrayTypeAdapter,43,0.014
com.google.gson.internal.bind.TypeAdapters,596,0.014
com.google.gson.reflect.TypeToken,101,0.013
